"Family crimes" "Trials" "Evidences and tests results" "Automobile deaths" "Urban crimes" "Reported cases"
"talk" 0.979489210086813 0.565606238122324 0.351923391109679 0.639307418013956 0.474173307338726 0.147316913144902
"day" 0.964625979360275 0.608596371615298 0.567806443403268 0.558737460699949 0.51968781253374 0.210966180982828
"work" 0.964320098419398 0.704185668581296 0.446653802510633 0.619306692719514 0.370844801075672 0.363451666048796
"end" 0.962500068607012 0.497763722947185 0.481410655404056 0.60371953660831 0.277511835292353 0.159490386676968
"even" 0.959991465508844 0.597705775433527 0.599095433506211 0.561105531764804 0.294385421647407 0.295644596196978
"move" 0.946862578068093 0.387068256968668 0.406883744829211 0.451095642868087 0.41387902521105 0.073104924478279
"hear" 0.944627270974874 0.614684521919154 0.697251903649555 0.596070931611768 0.273194996869106 0.272052947147828
"peopl" 0.94074488907896 0.500279849977318 0.278835346402851 0.614445370077148 0.597689996778157 0.349189852544792
"door" 0.937424209939066 0.330568640128509 0.237402127233323 0.526635475271251 0.378395845564757 0.176343676244941
"life" 0.93710255864871 0.411246347714846 0.201383415017453 0.392811132396562 0.261112232457953 0.148264848581762
"start" 0.936304967496492 0.543517187268306 0.320243789716431 0.726956033104932 0.429045216401938 0.214942082446942
"famili" 0.936071589010286 0.510681510972888 0.22776765421585 0.32905387371866 0.298528679489574 0.210862314788343
"member" 0.936035220660229 0.474005566779161 0.594975256806014 0.522719309789348 0.428817023294192 0.325501762436262
"part" 0.935966576002831 0.638548200374478 0.584083111666262 0.55196284813814 0.351276757947323 0.455531270904507
"close" 0.932157031139856 0.441804612712277 0.473180785725975 0.573167329998435 0.556721569455178 0.422866219841555
"children" 0.932093079455599 0.559657254343961 0.251160821916957 0.389355361565386 0.418829641193329 0.124060307165476
"told" 0.93197280175595 0.660708921805039 0.461680926004359 0.645935734616924 0.395625865272849 -0.00570660591528184
"back" 0.930943706927004 0.578400047518931 0.27478628967679 0.579789773947197 0.656497816150684 0.0785195243309513
"hous" 0.92506621947159 0.635750862183127 0.534736414003722 0.336772225231971 0.24266931006849 0.0146827023668831
"play" 0.924293800228535 0.564261778477738 0.452254100290372 0.268069578091886 0.287261798469013 0.14972153034883
"phone" 0.923660574919693 0.655410103998569 0.368144881770224 0.364062922519864 0.266552670550341 0.26454529828672
"make" 0.918506768344916 0.640029095941208 0.251297701260706 0.369667992912011 0.218100620332987 0.182120747744609
"recent" 0.91063896142402 0.780864696593174 0.410250579831849 0.477916323288662 0.533314270124904 0.154841540551559
"high" 0.906232061497098 0.606513343382374 0.528467754800971 0.378269716986486 0.366571774269868 0.415189226167621
"stori" 0.905507432408883 0.561930881721606 0.746159947735438 0.622975253589901 0.458215371376497 0.37037914236523
"friend" 0.896702185291179 0.527716283833365 0.0891965328969347 0.389234101581611 0.374265030189007 0.221367884789923
"question" 0.894304564178726 0.641068301628866 0.737838097806367 0.742404696469133 0.357750906197691 0.467757259456952
"take" 0.892662785944193 0.527296607106255 0.704412770864338 0.487384736437196 0.123351643331028 0.242455686001857
"made" 0.889567004481584 0.756462714459058 0.398374749666236 0.333611446339371 0.395638741505088 0.238857626602817
"front" 0.887863761827708 0.465059656464716 0.382996393660721 0.698586438102469 0.404903229260996 0.504784550677798
"month" 0.882175391403466 0.711716569053807 0.579981726584219 0.291561527801978 0.264254685515975 0.173568047022478
"lot" 0.8777592548896 0.524992185267959 0.412876218888991 0.757381937614926 0.449766817421396 0.567454310145482
"gun" 0.876330617053307 0.589535094403231 0.212347782795114 0.651944788110916 0.426015766130176 -0.000835616328060951
"relat" 0.874445742764669 0.685297841590095 0.464005335020333 0.557248247094492 0.598885794874745 0.15506286463284
"run" 0.874108542794405 0.619167144751574 0.315248627027846 0.838807858218192 0.664133562159964 0.376490552848834
"didnt" 0.871679560507326 0.474092891074319 0.168735430065307 0.353509794594249 0.130984071555959 -0.129577931962032
"violenc" 0.868391800640833 0.672665357228674 0.372624728878598 0.585572733387097 0.638219009221045 0.31996025781923
"point" 0.865376323782532 0.526607311013916 0.716528593489671 0.679791435755468 0.256698159574969 0.183609952713294
"dont" 0.865324354077091 0.270555299437688 0.185983569101729 0.439148293878046 0.236845216752591 0.341494691442556
"thought" 0.861337934481206 0.355759213277208 0.639457064380213 0.517570905073521 0.197390114858691 0.324072864706851
"find" 0.860733243084234 0.549215486908398 0.644104297807929 0.440256987171895 0.279645428359397 0.577005772370374
"thing" 0.856953484177752 0.247725898018263 0.223662013423532 0.324733567234148 0.101970884017578 0.167407509878775
"son" 0.854042903987674 0.448920683754379 0.0228567021999921 0.430860748549246 0.289386872943567 -0.0909478740551455
"father" 0.853752211209038 0.428863145471092 0.0562205261103193 0.280338475517967 0.220346226681712 -0.158532333354588
"mother" 0.846697060305169 0.529870471966815 0.0394833639064703 0.408404223611856 0.294658552027187 -0.0999984994853898
"includ" 0.845300173145941 0.752174729294003 0.694443020337445 0.84884813533594 0.646102208736316 0.37164243827409
"night" 0.842554541987059 0.657548381412688 0.355912040719696 0.472243153743944 0.5934766389022 0.520816661917169
"insid" 0.837307520735663 0.54231654583648 0.688590795595067 0.629911606233438 0.30564171021007 0.120713508489151
"person" 0.836568892269765 0.561581233280733 0.655789913185292 0.603316699204405 0.307300565520636 0.667007413304449
"turn" 0.832188647527773 0.663264235549855 0.323042457806256 0.54083751728678 0.124429905927253 -0.0342525128123036
"school" 0.827684976149323 0.452257057211301 0.354337030394841 0.20807625008277 0.394085730065847 0.395555933968163
"place" 0.825942529416047 0.552980917441128 0.430258969648029 0.670147470175506 0.603988266743696 0.669181759277786
"hour" 0.817245433113981 0.565087975354194 0.361876417591214 0.715342796549443 0.770014440974939 0.116449026816997
"open" 0.814696988564302 0.405491791980813 0.696341859732453 0.753983651735566 0.461926471406489 0.210865904664756
"heard" 0.813224853976098 0.190527305422227 0.54594404090703 0.521843678488142 0.292146567810559 0.120050856206111
"neighbor" 0.8076134430199 0.188197458861994 0.408945097263585 0.314210677815868 0.0644695590048837 0.175745025810663
"law" 0.804829161087797 0.591094677101102 0.656512551135091 0.589510692645601 0.158925364969376 0.154405377058523
"happen" 0.79284129332628 0.212276616162578 -0.0697511276844585 0.425046626705432 0.358906516811344 0.04076877634298
"good" 0.790793312905301 0.381236915678522 -0.0165181919715677 0.486074908720726 0.639230353764365 0.0786059718142688
"woman" 0.771284882813961 0.610713959687367 0.576009453378507 0.411937485325565 0.450375023840176 -0.20778400344084
"minut" 0.768468373405794 0.404031876723816 0.576956666985733 0.672210687776579 0.67151045115549 0.214497161992375
"young" 0.762875909883018 0.522339247460863 -0.0686624966045177 0.491418328768681 0.327781352137838 0.140215770682322
"stop" 0.761419522445318 0.430512239767105 0.11994045468452 0.732817422383383 0.50039068033135 0.314372639122322
"home" 0.761165030965245 0.603684125776412 0.564814751079066 0.230476674346432 0.180395653287175 -0.243319730747534
"kill" 0.754327069307902 0.55220315017992 -0.0150560842026273 0.660475890275577 0.622057071818185 0.217269081163299
"head" 0.708176119499478 0.606531979215394 0.523615203392334 0.453177677101279 0.625761395345103 -0.157458278207382
"live" 0.6865752810017 0.00943789791143612 0.531648113632219 0.401714139798633 0.269881050620886 0.121385833092701
"wife" 0.680574512184203 0.500619652371473 0.476216247663889 0.11881485911612 -0.200220424434776 -0.290069325659797
"year" 0.677801270958711 0.584431480673481 -0.139179002258453 0.291111236752229 0.365896031984387 0.204802898830665
"offici" 0.666405031139168 0.613905086309844 0.583019636056949 0.407852031380715 0.2941937145448 -0.0623102770106643
"check" 0.65771622690033 0.171554645391227 0.595007793694761 0.219955672213758 0.328713421888731 0.237390264286805
"afternoon" 0.59919478028532 0.503175265856522 0.442114202781105 0.558418683026344 0.636105213515292 -0.294357740157029
"file" 0.499330369403429 0.969134484669934 0.459207488187703 0.459310525345209 0.328372914754523 0.10950785913608
"court" 0.421665870557745 0.949377897264111 0.394154522409657 0.255534385448402 0.172394537496766 0.241639998767598
"charg" 0.354601693351543 0.942157459749557 0.375082284156737 0.346610557338671 0.180869313222292 0.135476526831474
"held" 0.646731821130889 0.942069407330141 0.444874240503988 0.272958113081273 0.149805683996453 0.182559729907672
"alleg" 0.523520188015973 0.930661793237831 0.53721052208617 0.655286947938595 0.26415288946321 0.186832242992613
"murder" 0.326651557388696 0.922238300717991 0.345100306228782 0.257188224273864 0.156220708211883 0.289286760433338
"attempt" 0.555294510620979 0.914480069444611 0.495178856949211 0.76352571683104 0.539362587149833 0.334045888721149
"arrest" 0.242961680436148 0.905748517448533 0.467811466378962 0.34624099245827 0.117437801425895 0.369267019582153
"show" 0.77148776393067 0.899839489228338 0.594821640018136 0.330568625554425 0.264991748516705 0.18160053908259
"face" 0.529158501379012 0.882569339772407 0.291710622154679 0.557454017257153 0.265641405852753 0.0857796779470018
"case" 0.486300237514594 0.881569302927868 0.750355895632835 0.489373836599824 0.0926166001488503 0.571400073018989
"public" 0.549156688624859 0.872134445479117 0.592935497510475 0.410620253236881 0.0578740535167006 0.585208661273757
"crimin" 0.534088689814435 0.871062125274188 0.522626630663826 0.614400370522502 0.23356691963461 0.477934214236873
"set" 0.822221655410748 0.842146698986108 0.509298841426425 0.648922237785341 0.198138075005871 0.277711407315456
"statement" 0.692211018792709 0.839092262507293 0.548023916847688 0.416356847073638 0.205268793188209 0.28103823016474
"short" 0.770129217171255 0.830209871874455 0.629061496390871 0.780163799918894 0.672151146591936 0.509830897830174
"weapon" 0.660685555410448 0.771050170723413 0.72755951003225 0.625845145554293 0.1208411741457 -0.0108028793757173
"custodi" 0.275643059957108 0.753654152084333 0.158980689572716 0.603863831078416 0.575240975383447 0.133978310728734
"chief" 0.725530428970937 0.739801744678932 0.64100186645567 0.600304202756751 0.193510638477646 -0.00708201798516378
"friday" 0.448684789837462 0.72666812625373 0.346317167151423 0.124966814289123 0.507313035949574 0.34185826216151
"death" 0.202362226504094 0.721179383395207 0.710057602331771 0.0888100801479852 0.130623241439557 0.168996746157082
"record" 0.522237503939993 0.710653931076862 0.233374786240462 0.330736939568809 0.457735302785357 0.261213934322326
"wednesday" 0.538438489965036 0.709356684060568 0.502703394860753 0.0820588113723872 0.29038386290187 -0.160574403796993
"thursday" 0.44428059826305 0.682708216961656 0.650794975624801 0.0309862359874439 0.231628828575509 0.229765220088979
"robberi" 0.221834907167633 0.67347824237541 0.0808005959454779 0.502160391548235 0.389628757283708 0.50513607310572
"result" 0.502300583653806 0.6662518039948 0.973371346512917 0.537577453968139 0.253156963894423 0.294479907229913
"determin" 0.376201673002047 0.60268312659423 0.945901146423518 0.257100567508748 0.097689677330701 0.337691127819445
"report" 0.406464671766604 0.538958173671898 0.932940544029998 0.577375091298288 0.277721087208381 0.398582707894618
"continu" 0.64089482149509 0.733322255875936 0.915686851330186 0.62905841179767 0.205670778322463 0.554964269946396
"evid" 0.740629878928134 0.644913882769237 0.902144342481843 0.752649015464484 0.341228452604354 0.380187688957546
"locat" 0.308585230614755 0.424432239064604 0.8910093367138 0.361673127342794 -0.112468873031227 0.616545534140594
"appar" 0.388975050910841 0.544869727637198 0.88500122621613 0.176987597051079 0.116710444494722 0.044556954612994
"morn" 0.557425984854094 0.679812378322777 0.883830398888077 0.579537446937684 0.395811910308354 0.167523621819322
"press" 0.640357359987367 0.549077105822471 0.88345312064815 0.395514030993784 -0.116620365122176 0.325256271324743
"respond" 0.123627600652014 0.25756662518523 0.881387759277698 0.194096972383578 -0.0261065094665826 0.228515693175664
"incid" 0.361497557308856 0.323181697316397 0.879510180134193 0.684209893960918 0.25125903334755 0.391991436651673
"bodi" 0.390153904292742 0.500809798240172 0.869085198098758 0.0507112116043079 -0.179396126642177 0.0601999335567695
"earli" 0.379126305584939 0.531638825415535 0.864840013716447 0.655708545534463 0.353715343823818 0.340928305463166
"issu" 0.712886275698576 0.660776413142252 0.861852705964481 0.631538571633308 0.0844798521166371 0.494561252775378
"investig" 0.135790257868982 0.388896308480084 0.853719378878265 0.350376237347797 -0.20191742360858 0.503081524482137
"releas" 0.195926461235784 0.563961811295044 0.846311629767954 0.496327193581094 0.198552642760748 0.672585229215247
"provid" 0.631357318074023 0.522069903515757 0.823302011728832 0.52365022295963 0.0409070623783226 0.547509164329053
"receiv" 0.403210827916254 0.338868498746959 0.819496337558241 0.158710148957743 -0.170100477310197 0.489685014415709
"appear" 0.523664701580345 0.655268229794982 0.819108866853817 0.245343340936842 -0.1423008391649 0.0110764822534333
"resid" 0.701631147318357 0.615370379506947 0.804303336682413 0.33310323259301 0.0999683581793969 0.483226103409015
"depart" 0.422541276477266 0.533510102756916 0.801914768170923 0.613620959504626 0.300124343539733 0.592270095982968
"arriv" 0.109176535361961 0.192091684969317 0.79455026226304 0.240301617990208 -0.290428544593919 0.296339634261029
"confirm" 0.779659781421762 0.464519719544522 0.789758858915343 0.586390030424109 0.272155265849201 0.350285276725069
"road" 0.524863023820925 0.578626104566063 0.783716327641353 0.522694724864289 -0.112185623531731 0.344471390793717
"autopsi" 0.150589877866681 0.438571396561787 0.762924286916638 -0.048213076497738 -0.0623150795658047 -0.0115454071884202
"injuri" 0.34736152162088 0.292656875537635 0.760360810075817 0.708248221372968 0.579415150483303 0.326652137022552
"state" 0.719287843650201 0.647286778274004 0.746388496689537 0.384720668258286 0.0510959259410812 -0.00448389384061167
"author" 0.337524792707404 0.39180179186048 0.746048965784842 0.690764127294524 0.269361715267309 -0.0642830142268525
"offic" 0.104637812464221 0.296169587171363 0.707280574635114 0.413016465845813 0.426023317158858 0.0321056045922535
"gunshot" -0.0648627259527394 0.0209288210598874 0.66373487033045 -0.0334587377432538 0.0460676074497673 0.111804094816958
"suffer" 0.00706049595145858 0.0633948359145204 0.660292913049309 0.176685388915867 0.246356995520476 0.190053040000038
"wound" -0.107499815977034 0.0757947798193338 0.60661682274623 0.0607725210705323 0.249990339100532 -0.00711024394185621
"found" 0.00495463586993145 0.208186975684147 0.602894742417896 -0.241084143788449 -0.0775879751578618 0.173086264903047
"deputi" 0.151596160835089 0.347472453441399 0.564420825974838 0.183573260885177 -0.337734300315462 -0.0704617834125991
"counti" 0.110062751501297 0.377700615969723 0.507507123883014 0.194066179470006 0.0858114752941186 -0.081077621417415
"sheriff" 0.186924017633139 0.352321739703693 0.492210968058819 0.126650156616795 -0.320365507698423 -0.0658458553828604
"car" 0.684660516141466 0.512610167932434 0.382397673820609 0.968798156086801 0.760164824612469 0.391515087507197
"vehicl" 0.511262327561294 0.384651526429441 0.541857099283178 0.958315786317378 0.501835999722857 0.432135462485729
"fire" 0.518767508963207 0.464790912524702 0.509438029618679 0.954062383042724 0.556096746442677 0.201989504307683
"left" 0.742355388555859 0.52894295339603 0.453814082133104 0.934931237045484 0.73127888621982 0.249200620761463
"began" 0.676241153696165 0.451187105943011 0.376982217306484 0.930285428401082 0.583987254874665 0.513917219957694
"arm" 0.538661708625755 0.558984070938311 0.51361561274105 0.921336848277764 0.608221481670531 0.0673973154904059
"gunfir" 0.678033083828537 0.31765413021919 0.347680356149327 0.906155549809562 0.71764947180513 0.434943228883689
"leav" 0.745921376431802 0.443150169932846 0.506632818905126 0.902448546746272 0.426406105565883 0.236809496915823
"shoot" 0.366737475951074 0.417962091128908 0.264898562278375 0.883535412201132 0.620999280602343 0.270287432670386
"time" 0.881123939414737 0.700874743523418 0.499514774740412 0.882509463383077 0.617930444719328 0.404168984931807
"injur" 0.471569931084602 0.224988655864083 0.475616263836284 0.880399073710757 0.654625577710976 0.0970265492710876
"drive" 0.429744745013234 0.728575617227094 0.592307260373249 0.839536349153895 0.482284416138931 0.256710440377207
"involv" 0.771823452008921 0.61097227703958 0.543362339272618 0.838211033032806 0.25785243483795 0.373320615823271
"occur" 0.508115991398744 0.780141963551491 0.395541472300742 0.821127553246494 0.660598488178802 0.561004251418074
"pull" 0.602185531173998 0.525449284407172 0.127089228867005 0.815957581209752 0.503255702137656 0.303795027754397
"hit" 0.665476110298014 0.646153302058483 0.182978844958554 0.815417855179027 0.722003171847681 0.0989684183045176
"ran" 0.773519183487495 0.450959267689821 0.298547872236506 0.814565710064314 0.371277620205558 0.0987063522110543
"man" 0.160557562950545 0.0863005058931447 0.28978923482896 0.79942687973546 0.710891295651023 0.158406243060136
"nearbi" 0.749866902902119 0.346762614719376 0.462138866852392 0.79655201113498 0.496057959030659 0.590279018301407
"multipl" 0.181971720148926 0.408188945800601 0.420747960259833 0.780927584985056 0.732366763041361 0.360311546454273
"fatal" 0.281701108671347 0.66931229044254 0.546109823882107 0.778848203203571 0.501649093016014 0.543256959275255
"identifi" 0.239916582042452 0.287688161261225 0.709237852669132 0.759379472024808 0.418512242185775 0.4176514498803
"scene" 0.254575955777231 0.218411122727142 0.649664651038621 0.750154551722465 0.306395264027323 0.503894592009846
"dead" 0.0889755763552339 0.19123640149995 0.489825618089066 0.718855853467207 0.640009206334452 0.164321726871061
"bar" 0.137827786548582 0.353403752976945 0.33251192475173 0.693083292255433 -0.0266499370676573 0.317171894431021
"shot" 0.534362518520216 0.397863539859933 -0.185166967612641 0.671637669114762 0.634382832276206 0.355331355548166
"treat" 0.314219065899257 0.263623209276429 0.149269241032637 0.667185729463071 0.601523737826752 0.278861750128852
"divis" -0.0295419550725977 -0.103239510454587 0.0234865857113989 0.611026138093223 0.0689170179590311 0.390522694025118
"spokesman" 0.376726961716589 0.135077027431659 0.30068467299948 0.608780901163055 0.489622296856007 0.363158317139925
"club" 0.0137157296460413 0.105059634053513 0.179468584184613 0.589108214861541 -0.0921268883919275 0.297993448392381
"west" 0.381194423594321 0.328543916883526 -0.0344894212938569 0.576693224474656 0.976995185236034 0.240249923569468
"side" 0.443159488671399 0.381325731168726 0.239709306471164 0.68100144318839 0.950187229396996 0.0370433964809331
"park" 0.566118247562315 0.471651364943219 0.222649484920347 0.773819297034179 0.939014515590014 0.462515735082903
"yearold" 0.577387116056158 0.603833491717601 0.247754136366478 0.645756279630363 0.935139566111964 0.354076357811971
"send" 0.431509455141966 0.137322177632997 0.128285616891618 0.459465128864513 0.928733046783371 0.250690275408583
"condit" 0.271173997624861 0.187067821659231 0.0498792289092886 0.669153427122092 0.921195526269971 0.00228563261971772
"neighborhood" 0.516627578863177 0.083834470392428 -0.0604043689889345 0.446215020881243 0.908991990440455 0.152628539935001
"south" 0.194493244557246 0.220442280918285 -0.0746117425053105 0.474819808623896 0.906572553772049 -0.0294953659058275
"earlier" 0.592421189697463 0.459609587397588 0.36870205094269 0.584657005982501 0.900688213443938 0.0372124391926123
"north" 0.333200086955176 0.41882661033817 0.265112857463191 0.798210244954113 0.895226341688158 0.278019163145939
"men" 0.441499927817893 0.537872428253864 0.12036332097547 0.748337019020567 0.883709200132497 0.430090808421955
"citi" 0.564141637499476 0.451269898201782 0.227628307394404 0.426469836131568 0.881074613978831 0.379699612598493
"avenu" 0.0682745283289087 -0.0442266835465132 -0.0636863552764667 0.373497981634864 0.877450426860249 0.274033283829205
"break." 0.616177957875283 0.218600886775163 0.273962796358378 0.552479677140738 0.865639345674375 0.107705112446797
"hospit" 0.0101279397767799 0.0488256203722658 -0.0440638587216476 0.499046289848513 0.837756554483298 -0.0893158627154837
"east" 0.233864199146367 0.44872528459499 0.0191267370048764 0.562996500442615 0.802354824863895 0.321984161354973
"street" 0.24340254325523 0.140307700545182 -0.0849774844956103 0.422866267772787 0.799963170814806 0.566267128638224
"walk" 0.732457657060529 0.226655450203048 0.0329630345445735 0.713490225453022 0.791808243460856 0.175496519327573
"block" -0.112100973151445 -0.0532326969841452 0.0547224012261035 0.336875404816551 0.760962235295796 0.404349623622942
"shooter" 0.569155655374714 0.291240434539736 -0.120598870974582 0.669870245388132 0.754731740505363 0.446768479019691
"boy" 0.662084594091242 0.423029690402292 -0.145266382165082 0.38672247551003 0.695247796519436 -0.0859173996070862
"die" 0.532966571996917 0.174924352374503 0.322551658644206 0.269898446821948 0.665315745887179 -0.0382974175373888
"examin" 0.0598285652051156 0.136443160258288 0.363240814408646 0.139581651103458 0.571798086768642 -0.138066113254457
"pronounc" -0.330999174473188 -0.139084785081351 0.0487049945488752 0.433026299087872 0.561617765968962 0.242225014813521
"tip" -0.0324168053939716 0.0301652311568716 0.191851485987372 0.0885249601740209 0.100127414981987 0.931060277975772
"crime" 0.181960998123673 0.290347139615077 0.208199856939406 0.213130608836393 0.313672771471125 0.900163232274715
"homicid" 0.0221956676690487 0.244277162025601 0.111338172272514 0.143058009016618 0.352334247685627 0.883310269229293
"ask" 0.105927353369492 0.0594695832435305 0.313102797408157 0.108296091709629 0.0277286118061333 0.874724170458547
"detect" -0.0124902867219258 0.268749087222556 0.364735325450369 0.16640330364815 0.309842788409188 0.870971302146018
"call" 0.292407999409124 0.224649291353825 0.553320235993747 0.171211323285018 -0.0526584889710193 0.861153637842206
"inform" -0.0580327629641282 -0.0284103682138177 0.165806874657163 0.121056192543205 0.162330866504101 0.861109897269181
"wit" 0.403669602034264 0.355114731811396 0.344041613000426 0.632363416321366 0.15775640366499 0.852583281378149
"area" 0.596392044680137 0.360416168938327 0.635944922477271 0.695279027013254 0.42793803973159 0.822430292061633
"remain" 0.091367460938684 0.319280762645716 0.362142793953494 0.347453987517789 0.115247397610922 0.814162757011447
"motiv" 0.15568973100058 0.468800699171599 0.381877259624212 0.239787320960135 0.163435231224984 0.810555216251398
"victim" 0.269664714352901 0.292840191410588 0.462866332230949 0.37494702054742 -0.00214105775288043 0.783858461375265
"black" 0.508176364348791 0.293414002942159 0.0339757899991324 0.658716935694063 0.528659600770097 0.75579394862933
"stopper" -0.115982884544823 -0.134931976634277 -0.22355337807117 0.0183210426748162 0.054657663526633 0.755219950699927
"male" 0.0911154251983097 0.196984714493164 0.398185832501876 0.625503734502177 0.266197178400975 0.746925202282967
"suspect" 0.1587128388748 0.431590636103557 0.402895265781636 0.570477002360261 0.00647438610494741 0.690681714419727
"enter" 0.559051246573255 0.477928278272004 0.279984456169716 0.434113283407609 0.31041606104857 0.635414744008153
"apart" 0.388684877341739 0.480209909348503 0.150800854058941 0.340940646980988 0.285273767358272 0.504479293657961
"polic" -0.0760425828220292 -0.100825416446226 -0.231948197969687 -0.0438920974468899 0.217541506715985 0.254314299280934
